-1 2 0
2 5 0
1 5 0
0 5 0
0 5 0
0 5 0
-1 3 0
-1 3 0
-1 4 0
-1 5 0
3 5 0
4 5 0
5 5 0
6 5 0
7 5 0
8 5 0
7 5 0
11 5 0
12 5 0
12 5 0
12 5 0
13 5 0
-1 1 0
-1 0 0
-1 -1 0
-1 -2 0
-1 -3 0
-1 -3 0
-1 -3 0
-1 -3 0
-1 -4 0
-1 -3 0
-1 -5 0
-1 -6 0
-1 -7 0
-1 -7 0
-1 -7 0
-1 -9 0
-1 -9 0
-1 -8 0
-1 -9 0
-1 -9 0
-1 -9 0
-1 -9 0
-1 -10 0
-1 -11 0
-1 -12 0
-1 -13 0
4 4 0
4 3 0
4 2 0
5 3 0
5 3 0
5 2 0
5 4 0
14 4 0
14 3 0
14 2 0
15 2 0
15 3 0
15 3 0
15 4 0
14 5 0
15 5 0
15 4 0
10 5 0
9 5 0
7 2 2
6 2 2
6 3 2
7 3 2
6 4 2
7 4 2
8 2 2
8 3 2
8 4 2
9 4 2
9 3 2
9 2 2
10 2 2
10 3 2
10 4 2
11 4 2
11 3 2
11 2 2
12 2 2
12 3 2
12 4 2
13 4 2
13 3 2
13 2 2
